1370	140	133	137	138	135	142	137	138	137	144	137	142	141	147	133	145	135	135	139	137	139	141	146	139	140	153	145	135	135	142	141	142	139	142	141	135	145	137	143	139	139	135	145	133	149	139	140	135	152	135	142	141	139	153	139	135	147	138	137	140	143	140	139	142	139	136	137	137	141	137	151	137	146	137	142	139	148	145	143	149	141	142	137	144	141	138	149	139	139	139	143	145	140	141	142	145	138	145	145	
886	138	135	136	139	136	137	136	139	134	137	136	137	133	137	137	139	133	139	133	135	137	141	131	135	137	139	133	135	137	137	137	136	133	138	137	136	133	140	137	136	133	138	133	139	137	135	135	139	133	141	137	135	135	141	135	137	135	137	133	139	133	141	134	135	134	137	136	139	132	139	134	135	137	137	137	139	133	137	135	135	137	141	131	137	133	137	133	135	137	138	133	138	133	138	137	134	137	138	133	
374	143	141	144	135	138	141	136	135	140	139	136	137	136	139	138	135	137	145	138	139	131	137	144	137	138	137	144	137	134	141	148	147	138	143	147	135	139	157	137	139	141	148	135	142	147	142	141	144	135	137	133	135	137	136	135	140	133	148	137	141	135	135	143	137	143	135	139	153	135	139	133	143	136	137	148	137	144	141	136	135	146	137	133	147	135	139	137	139	135	135	135	141	137	133	149	143	149	141	151	
582	137	139	133	135	137	137	137	137	133	140	133	136	135	138	137	136	133	140	139	132	137	138	133	138	137	135	139	133	135	141	135	135	133	137	135	137	137	137	133	139	133	141	139	133	138	141	134	135	134	141	134	137	136	137	136	137	134	137	138	137	133	137	137	137	133	137	139	137	135	137	137	139	133	137	137	135	135	137	137	137	133	140	139	134	135	140	133	136	137	138	135	136	137	138	133	138	137	139	139	
496	143	138	139	144	141	141	139	145	135	137	139	143	135	139	141	141	147	139	137	145	138	139	136	139	138	143	138	141	134	145	136	135	140	135	138	145	136	139	138	137	138	133	136	141	134	141	140	143	138	135	144	137	138	139	143	141	135	151	137	141	139	139	145	137	145	142	137	138	135	148	137	139	137	145	140	143	139	133	135	137	143	137	135	151	135	141	135	143	141	139	135	154	135	138	135	138	135	148	139	
493	141	139	135	133	137	137	139	137	135	139	133	135	137	139	139	137	135	139	133	138	137	138	135	136	135	138	137	136	133	142	135	136	137	138	133	139	137	139	139	133	135	141	135	135	137	137	135	137	139	135	133	137	133	141	137	133	137	141	135	135	136	139	136	133	136	141	134	135	136	139	136	133	138	139	133	135	137	139	135	133	139	139	133	135	137	141	133	133	137	139	133	135	137	139	135	133	139	138	133	
353	146	137	137	141	139	143	143	133	141	139	145	139	137	151	140	137	136	139	138	143	142	139	136	153	137	151	139	139	145	138	137	142	139	146	139	144	139	137	135	135	135	146	133	139	139	143	137	139	145	135	137	621	148	139	149	137	141	138	139	142	141	142	139	147	147	151	136	139	154	139	134	137	141	139	137	143	145	137	143	138	139	140	135	142	143	136	139	150	137	137	139	139	137	142	137	147	137	139	137	
2559	154	141	159	142	153	145	150	151	153	154	145	143	152	141	144	145	149	162	139	149	156	143	145	150	159	151	150	143	155	144	139	147	146	151	147	152	157	153	150	145	141	146	155	155	151	141	149	148	157	149	135	155	143	148	135	150	141	147	146	143	149	162	137	149	158	151	141	148	149	147	140	153	149	148	147	153	146	137	147	148	163	155	151	150	159	151	148	149	163	140	151	153	164	156	155	145	164	147	151	
543	148	151	150	151	145	135	137	149	148	141	144	137	138	133	138	135	138	143	150	151	161	138	141	137	147	141	145	141	144	137	144	137	146	145	145	148	143	146	143	145	150	151	152	145	137	146	145	154	141	139	156	141	150	145	145	145	143	148	149	147	150	147	144	143	141	141	143	138	141	142	141	144	137	136	151	139	143	137	141	139	139	139	148	139	144	135	140	141	148	137	143	147	143	139	139	141	139	138	147	
297	135	137	137	137	135	137	137	139	135	137	137	139	135	137	137	137	139	139	133	135	139	139	133	138	139	138	133	136	139	138	137	136	135	140	137	136	135	140	135	136	137	138	133	139	139	135	137	135	135	141	135	135	137	137	133	139	139	139	137	135	135	139	133	139	137	137	133	139	137	141	135	137	136	137	136	137	136	139	134	139	136	141	134	135	140	137	136	137	136	139	134	135	140	137	137	135	139	141	135	
376	144	147	139	145	141	156	145	157	140	155	143	139	153	144	135	143	141	139	144	151	137	137	136	143	137	145	133	137	139	156	135	150	137	140	137	136	141	147	135	145	141	139	144	155	142	139	135	147	155	143	135	140	139	136	141	147	133	135	139	145	135	137	140	139	142	135	140	135	142	135	136	137	134	139	134	133	136	139	136	143	140	174	141	152	135	147	143	139	135	145	136	137	136	145	150	139	135	148	141	
1063	143	147	140	141	134	147	145	145	143	148	155	139	138	135	141	143	148	137	150	145	149	156	147	143	144	143	144	137	148	155	149	150	141	145	137	135	150	151	138	139	143	133	159	144	141	152	139	147	156	139	142	147	139	139	153	146	151	159	140	145	139	147	151	150	157	141	145	141	145	141	145	140	139	138	135	140	137	140	145	140	141	151	139	139	152	137	138	141	152	149	145	147	164	147	155	158	139	159	146	
1697	145	141	137	147	143	138	139	146	143	140	143	141	136	153	133	141	141	137	139	139	143	142	149	138	145	144	139	137	145	139	137	141	149	153	140	147	137	143	143	140	139	140	141	148	151	139	152	139	142	141	136	141	144	149	135	141	151	142	139	143	142	151	144	141	145	150	137	136	139	138	139	134	145	138	137	146	139	141	135	137	141	145	139	141	146	145	142	139	163	140	139	134	139	136	139	140	141	143	135	
432	140	141	142	135	147	153	143	150	137	141	141	151	133	137	154	143	159	141	137	137	143	137	140	137	142	145	142	139	147	146	139	138	143	136	147	152	149	135	144	143	139	133	135	147	139	139	137	143	151	140	147	136	145	135	139	147	151	145	133	145	142	149	145	152	169	145	143	147	144	147	149	143	149	150	141	145	149	149	148	137	159	148	149	149	159	149	148	141	147	147	145	144	153	139	145	139	160	143	141	
1271	137	135	138	137	134	139	134	135	137	137	139	137	135	137	135	135	277	133	138	135	138	135	138	133	137	137	137	137	137	133	135	133	141	139	133	135	139	133	139	137	137	137	137	136	137	136	137	134	137	136	137	134	141	134	137	134	139	138	133	139	141	133	135	139	139	135	133	139	141	131	135	137	139	135	133	139	139	133	139	139	139	133	135	137	138	139	134	135	138	137	136	135	140	139	134	137	138	133	138	
396	143	147	141	141	147	135	137	143	135	135	137	147	139	133	137	139	137	137	143	133	135	139	139	141	135	139	149	150	244	140	143	140	137	137	153	141	137	139	135	135	139	149	143	133	139	135	143	145	133	133	141	133	139	139	137	135	133	143	152	137	134	147	138	135	140	141	138	139	166	135	147	140	147	146	133	144	149	135	153	145	138	139	138	135	150	135	138	145	146	137	143	145	147	137	137	135	139	135	137	
2242	141	139	159	137	143	139	142	137	142	143	140	145	137	147	135	141	141	146	137	144	149	147	168	165	149	140	137	138	139	139	131	145	140	153	139	147	157	136	137	136	135	144	147	143	147	139	144	143	164	143	145	158	162	147	152	147	151	150	137	146	143	161	164	149	159	140	163	141	158	159	141	141	143	148	145	141	145	139	154	143	149	149	145	148	151	159	146	169	145	150	141	144	151	147	140	141	146	149	145	
1808	139	137	136	133	140	139	136	133	140	137	136	133	138	135	140	133	139	137	139	133	139	135	139	133	139	135	139	135	139	135	139	133	139	135	139	137	139	137	137	134	137	136	135	136	135	136	139	134	139	136	139	134	137	136	137	133	135	139	137	137	135	139	137	137	139	135	139	131	135	139	135	137	137	139	137	133	137	133	138	137	136	137	136	133	140	135	138	137	136	137	136	133	140	135	139	137	135	137	135	
926	136	135	141	131	141	143	143	137	143	144	139	136	139	134	135	138	137	136	137	140	141	138	141	137	135	141	133	135	147	135	137	137	141	137	139	139	143	143	135	145	147	137	133	135	141	133	139	135	138	135	136	1931	146	143	144	135	141	135	147	133	143	139	137	152	137	138	141	136	143	136	141	136	139	142	143	142	139	137	145	135	139	139	135	145	133	137	137	137	143	139	148	137	136	137	140	137	138	135	150	
1360	141	137	139	133	139	135	135	133	139	135	133	137	137	139	135	137	137	139	133	137	138	139	134	135	138	137	134	137	136	139	134	135	142	135	138	133	142	135	138	133	140	135	138	137	138	139	131	137	135	139	133	135	137	137	133	135	139	137	137	137	141	139	137	137	139	139	135	135	141	135	137	133	139	137	133	135	137	137	137	137	141	139	137	135	141	137	133	138	137	140	135	134	139	136	137	134	141	136	137	
323	135	137	133	139	137	143	135	135	150	141	144	135	142	143	137	133	140	137	134	139	136	139	136	139	138	155	137	139	139	135	137	133	144	137	137	139	135	151	137	139	145	137	141	133	137	135	135	139	135	137	139	155	141	135	139	140	133	137	141	135	137	135	137	141	133	147	153	136	141	136	145	136	135	138	153	134	145	139	138	139	136	137	142	137	142	135	144	135	140	145	146	137	138	147	141	143	137	147	135	
287	140	141	137	137	135	139	133	139	135	141	137	137	137	135	135	135	138	137	138	137	136	141	134	139	134	139	136	133	140	137	136	137	133	141	133	135	139	137	137	137	137	139	135	137	135	137	137	139	135	139	135	135	135	137	137	139	137	138	133	136	137	138	135	136	133	138	139	134	139	138	133	138	135	138	137	133	135	141	137	135	135	137	135	137	139	137	133	139	135	141	137	133	135	141	135	135	135	141	136	
299	137	133	137	143	135	135	137	143	145	139	135	141	136	133	138	167	139	135	149	152	133	139	139	138	135	140	133	138	137	142	135	142	135	136	139	138	133	141	137	144	133	140	137	135	143	138	137	138	135	142	135	144	135	138	141	140	139	142	139	140	139	145	146	135	142	145	150	133	136	143	134	143	151	139	137	143	139	141	143	144	141	142	135	148	159	143	139	141	131	147	146	141	138	149	134	137	137	141	136	
2090	145	154	141	141	133	141	149	139	144	141	136	141	144	148	141	172	135	135	141	135	156	137	164	135	135	159	153	134	149	148	147	155	138	149	136	143	144	149	137	141	141	140	137	142	143	147	135	153	146	153	150	145	141	141	155	136	143	138	145	163	140	153	153	142	151	139	153	141	136	139	160	139	145	138	155	154	156	137	148	139	144	149	141	135	139	139	149	136	141	146	139	135	141	145	151	137	139	147	140	
1219	134	139	133	137	137	139	133	137	137	133	139	141	133	139	133	137	137	133	139	139	133	135	135	140	137	132	139	136	133	138	135	140	137	134	139	138	133	139	135	141	137	133	135	137	133	139	137	137	137	133	135	141	137	135	136	137	138	135	134	141	136	135	136	141	134	135	136	137	137	139	131	137	139	135	135	137	137	139	133	137	139	135	137	139	133	135	137	139	135	133	139	138	133	136	137	136	135	136	137	
511	140	135	138	139	138	139	136	137	148	137	144	139	136	137	136	141	140	137	140	147	137	139	137	133	148	141	137	137	143	131	137	135	135	139	137	141	145	133	147	137	135	139	141	133	139	137	141	162	139	135	139	143	136	137	136	143	136	141	134	135	144	141	139	135	139	145	139	137	151	152	137	136	135	144	139	146	139	138	145	138	141	138	135	140	135	146	135	135	141	155	135	139	139	145	156	135	138	143	134	
308	141	138	135	136	137	138	135	136	137	138	133	138	137	135	135	137	137	137	133	139	137	137	135	137	139	135	133	135	133	141	137	133	135	141	134	135	136	137	136	137	136	135	136	139	132	139	136	133	139	141	131	135	137	137	139	137	135	137	137	137	137	139	135	133	139	137	137	136	133	140	135	134	135	138	137	136	133	140	135	136	139	135	137	133	133	139	135	137	139	137	133	135	133	139	135	137	137	137	135	
376	139	149	136	137	148	135	137	135	136	137	143	142	163	135	151	145	133	139	135	135	139	135	137	137	135	137	139	135	153	139	135	143	139	135	143	139	133	137	139	139	135	135	139	137	145	147	138	135	138	149	140	143	143	141	137	141	149	144	133	146	143	138	141	141	137	133	145	145	135	145	148	135	138	139	138	137	144	137	148	133	142	147	138	133	138	139	138	135	146	137	144	133	137	141	149	135	135	139	141	
3704	153	153	139	139	141	149	138	135	136	141	136	141	137	143	139	139	139	135	137	144	155	139	137	137	135	137	137	710	141	137	139	149	142	143	147	141	137	139	139	156	139	134	135	140	135	138	149	153	136	137	138	141	158	137	149	156	135	136	153	139	139	137	149	147	140	145	144	151	141	131	137	144	135	133	145	144	141	139	143	145	140	141	145	144	135	135	147	147	140	147	143	141	137	141	137	139	137	144	137	
1566	153	141	141	151	141	138	143	150	135	164	145	137	138	145	139	137	147	145	139	142	137	140	139	136	137	140	145	143	146	147	141	143	145	144	137	158	155	147	142	145	153	145	145	148	145	143	149	143	142	149	153	148	153	149	147	149	152	153	153	142	157	155	158	157	143	158	145	150	139	147	142	161	141	150	143	142	137	151	145	143	142	151	147	139	139	152	147	143	139	161	142	149	147	137	143	150	147	155	148	
1374	140	147	138	135	137	143	141	140	151	141	140	137	143	142	139	138	141	161	161	138	155	137	138	139	144	137	163	149	144	143	139	135	141	138	159	151	148	135	137	145	149	137	133	143	141	137	136	147	151	136	137	136	139	139	135	139	150	137	139	135	139	136	143	143	145	137	140	133	135	149	151	135	155	153	139	143	149	148	139	157	145	144	149	143	142	153	139	144	153	155	140	149	153	150	145	145	146	137	147	
478	133	133	137	135	139	133	139	135	139	135	137	136	137	134	135	138	135	136	139	136	139	134	137	136	135	138	135	139	139	135	137	137	137	133	137	135	135	137	139	137	137	133	137	135	135	137	137	139	136	133	140	135	136	137	136	135	140	133	138	137	136	135	138	135	139	135	139	137	135	135	135	135	139	137	133	135	139	133	139	137	135	135	139	136	135	136	137	136	139	136	135	138	139	134	135	136	137	133	135	
640	143	135	149	135	137	137	141	141	139	137	139	137	139	151	136	137	138	137	144	137	136	137	150	139	140	139	136	137	138	139	135	137	138	137	134	137	138	141	136	137	138	135	136	143	143	147	139	145	141	137	145	142	137	138	143	146	139	137	147	135	137	137	141	145	143	135	143	137	144	135	139	139	142	139	133	137	138	139	135	137	138	133	142	135	154	137	154	137	135	137	143	149	137	141	153	136	137	148	143	
375	152	137	139	150	135	139	145	138	139	146	143	147	141	141	147	155	142	141	155	147	141	140	135	140	147	136	139	156	141	137	139	147	156	145	138	145	136	139	145	147	145	144	135	142	137	135	137	150	135	146	139	141	139	147	137	139	149	141	146	147	150	139	137	149	149	142	157	142	137	142	137	135	141	139	135	136	151	137	143	143	149	141	136	159	140	141	145	156	141	136	141	140	143	147	149	149	148	159	151	
442	151	150	145	149	145	149	143	144	141	143	141	137	143	139	152	141	140	139	152	149	149	144	157	139	149	149	144	143	143	145	157	143	147	151	145	141	147	142	155	137	143	143	146	143	149	138	137	158	139	145	153	143	144	143	146	153	137	152	153	138	151	139	137	145	146	141	142	137	149	147	151	144	153	141	150	145	142	147	145	142	153	140	143	159	144	141	156	141	137	139	153	144	137	136	147	147	151	147	150	
859	149	140	145	145	145	135	148	151	152	141	143	146	143	152	159	157	144	165	143	146	143	159	148	141	139	151	155	150	157	153	144	151	151	142	139	140	139	144	137	155	141	137	133	137	154	137	138	161	139	145	139	146	143	143	145	151	146	153	151	139	147	144	133	144	155	149	142	151	138	141	143	143	141	150	145	143	139	149	154	143	146	149	141	150	151	139	162	139	144	147	135	149	151	156	153	151	135	135	137	
641	148	143	149	146	141	136	137	134	139	136	135	140	135	140	139	138	135	146	143	148	139	141	133	161	135	139	139	137	135	145	135	145	149	137	143	136	135	140	145	138	137	136	135	136	153	138	137	140	137	152	133	137	157	139	139	155	136	147	154	147	143	150	141	144	153	147	141	137	139	139	135	135	139	137	135	139	133	135	139	145	137	135	163	157	146	147	149	141	153	142	141	134	139	136	133	136	145	144	137	
712	138	137	140	137	140	135	144	144	141	138	137	160	137	143	143	137	139	133	139	139	139	135	137	139	137	137	145	147	139	137	137	141	137	137	137	141	135	137	135	139	137	135	135	143	135	133	139	137	137	139	147	149	135	139	139	139	135	145	136	153	138	147	135	149	143	152	141	146	143	136	137	140	143	139	135	139	141	135	139	137	137	139	143	147	136	135	138	147	136	137	146	139	136	135	138	151	135	139	147	
1851	135	137	146	135	138	145	138	133	138	143	138	137	137	139	138	141	143	137	149	141	143	135	143	136	139	146	137	148	149	135	133	141	143	139	135	143	143	135	137	135	141	139	133	133	139	135	135	135	143	139	135	135	141	137	133	137	141	143	137	139	137	141	145	139	135	135	149	135	141	137	133	135	139	137	133	137	137	137	139	151	135	145	186	164	143	135	137	134	153	143	137	135	143	137	149	141	136	139	138	
339	141	134	137	134	139	136	137	136	137	140	135	138	137	140	133	136	139	136	135	136	139	138	133	137	137	139	137	135	139	135	135	133	137	139	133	137	141	137	137	133	139	135	133	137	139	139	135	133	139	135	135	137	138	145	139	135	137	137	136	139	138	133	138	135	138	137	136	135	140	137	136	139	138	133	136	137	138	137	133	135	141	137	137	137	137	133	139	137	137	133	139	139	139	135	139	135	139	135	135	
3256	137	137	137	137	135	137	137	137	145	137	141	147	154	145	165	138	141	149	148	139	144	147	139	149	151	150	137	151	143	141	144	143	147	141	135	139	135	137	139	141	145	141	138	137	144	147	147	145	145	144	149	142	143	137	149	137	133	139	146	141	138	141	142	145	141	147	149	138	147	142	137	143	147	139	136	139	148	145	145	146	175	145	140	137	133	135	141	135	139	137	139	161	138	135	138	135	134	133	140	
333	139	137	138	133	140	147	136	139	140	143	134	137	136	143	144	137	136	139	134	137	144	157	143	143	139	144	141	138	139	156	143	139	145	143	137	139	135	137	135	141	133	133	141	137	139	137	137	146	137	137	131	149	135	135	139	137	137	139	135	139	133	137	133	137	137	135	139	138	137	136	135	144	145	135	139	139	135	135	135	138	137	134	145	138	135	138	135	140	143	134	137	136	135	138	137	136	141	138	135	
2896	137	153	708	139	137	139	149	156	143	141	141	141	154	147	141	149	141	138	133	146	149	142	133	135	149	143	137	143	146	151	151	138	143	152	137	139	145	143	136	153	146	145	141	139	137	154	139	144	147	140	151	139	145	143	137	139	133	137	139	141	156	171	145	136	135	138	139	138	137	144	141	145	157	145	136	137	138	139	136	139	136	155	157	137	137	150	153	151	139	141	137	145	150	141	137	137	137	153	141	
1834	147	136	149	137	141	141	148	149	147	139	143	135	145	133	135	164	137	140	149	141	143	141	144	145	153	141	143	146	151	143	137	137	156	141	142	151	145	138	147	136	147	143	141	139	137	139	133	137	140	139	134	141	144	141	142	143	143	150	137	140	144	151	159	148	145	140	135	139	141	137	143	151	138	143	146	145	153	138	133	140	143	142	145	151	141	153	152	147	151	137	145	150	147	137	158	141	139	135	133	
1659	232	153	155	148	147	145	143	137	152	180	149	140	141	141	139	145	145	145	150	147	137	149	135	143	147	142	147	141	139	141	143	147	140	137	148	139	143	145	139	146	155	140	151	149	144	157	167	140	145	144	139	135	145	139	158	137	150	159	151	146	149	147	145	145	144	149	139	141	135	147	141	138	147	142	147	139	139	149	142	143	141	153	135	143	139	140	143	139	139	145	154	155	147	140	137	144	137	134	153	
379	137	138	133	140	139	136	137	136	141	136	139	144	139	139	151	135	141	135	147	135	139	135	137	137	144	139	136	137	152	151	135	143	143	141	155	146	147	133	137	133	141	137	143	135	145	135	139	137	137	139	139	143	141	153	142	145	142	135	140	135	138	135	144	135	140	137	142	139	134	143	138	145	133	147	135	139	135	139	137	139	137	133	143	135	155	133	149	134	147	142	143	143	139	149	138	139	144	141	144	
280	138	137	139	135	139	135	139	135	135	139	133	137	139	139	139	137	137	137	137	135	139	137	135	135	135	139	137	137	139	139	139	135	139	138	137	138	135	140	135	136	139	138	137	136	139	136	137	134	137	138	137	136	137	136	137	137	139	139	137	137	139	137	137	135	137	139	135	139	139	139	139	135	139	139	137	137	137	137	137	137	137	141	137	139	137	133	140	133	140	137	138	135	138	135	136	137	136	141	134	
349	143	147	141	139	142	139	152	137	146	137	141	139	151	143	143	150	141	149	155	144	143	142	137	162	159	139	144	145	135	147	135	143	135	145	137	148	137	154	141	145	146	147	144	145	148	139	145	154	141	141	145	147	142	149	141	141	147	146	139	139	143	143	141	141	144	151	139	139	143	135	137	141	141	147	145	142	139	154	143	139	137	147	144	147	148	143	137	139	141	137	145	135	151	138	139	134	147	148	145	
1624	138	135	139	139	137	137	137	141	137	144	135	138	135	144	139	139	135	143	139	135	143	139	139	135	141	139	143	157	151	155	148	153	147	148	143	155	139	147	139	143	145	131	139	142	143	146	145	149	139	149	138	141	134	147	136	137	136	137	142	137	146	145	139	137	145	148	145	142	155	149	146	153	149	138	135	138	139	142	151	163	138	135	140	135	138	135	138	139	133	137	140	155	153	142	149	140	149	143	148	
1205	137	136	139	140	141	142	139	150	135	141	145	139	144	135	139	137	144	137	137	139	140	137	138	135	138	141	144	137	136	151	138	137	134	147	135	137	142	143	135	139	135	143	141	135	137	139	137	133	135	153	135	143	137	137	141	142	139	138	147	136	139	136	147	138	137	138	145	137	141	137	135	139	141	135	141	141	133	145	143	151	150	137	146	139	137	151	141	149	141	138	135	140	139	134	141	137	139	141	139	
337	137	146	135	140	147	140	133	140	137	150	145	137	141	137	139	135	147	143	139	147	450	137	145	137	141	139	139	145	137	137	135	145	150	139	140	133	142	147	148	139	147	137	139	135	157	131	137	135	143	133	135	139	147	136	141	140	143	142	139	141	137	141	141	137	145	143	137	139	137	141	137	139	149	137	141	143	139	135	135	139	137	147	139	142	133	144	139	138	153	138	139	136	135	138	143	142	137	140	135	
348	141	137	135	136	137	136	137	134	141	136	133	140	135	136	139	134	139	136	133	139	141	131	139	133	137	139	135	135	139	133	135	137	141	133	135	135	137	137	137	133	137	139	135	137	138	133	138	137	138	135	136	139	138	133	138	135	138	135	137	139	139	137	133	133	141	137	133	135	141	137	133	135	141	137	133	135	141	135	135	135	141	136	133	138	139	134	135	136	141	134	137	136	137	136	137	133	137	139	137	
1699	141	150	139	139	141	139	133	137	149	133	139	135	139	139	137	139	139	137	135	135	135	135	141	139	139	135	137	135	141	133	137	135	137	136	137	136	139	134	139	136	139	136	139	138	139	142	137	136	139	136	137	144	135	135	135	140	139	136	133	138	143	136	297	143	136	147	134	137	140	135	134	137	138	137	138	139	142	141	143	141	145	133	141	137	149	134	139	136	135	148	137	138	133	138	141	138	139	138	143	
478	136	135	134	133	140	137	137	133	139	133	135	137	141	133	133	145	141	136	137	136	137	136	139	136	137	138	139	136	135	135	139	135	139	139	135	135	141	137	135	135	141	137	136	135	138	139	136	135	138	137	136	135	140	135	135	139	139	135	135	139	141	141	135	137	141	134	133	136	139	132	137	134	137	136	137	134	137	133	133	133	141	137	133	135	137	133	137	135	137	135	137	135	141	135	134	133	140	133	136	
331	141	140	155	139	139	153	137	137	137	137	139	135	139	149	146	137	136	151	136	137	136	143	136	139	138	135	138	137	136	139	146	141	137	139	137	155	149	140	147	141	139	137	146	147	142	137	140	139	136	135	154	137	137	133	141	139	137	139	137	139	141	141	155	136	141	138	145	145	137	135	141	137	139	135	139	143	141	139	164	137	136	139	134	139	136	139	140	147	134	137	134	137	144	135	140	135	138	137	138	
357	135	139	137	133	135	141	135	135	137	137	133	139	137	135	133	139	136	137	136	139	136	137	136	137	138	141	134	135	136	139	136	135	139	141	131	135	139	139	133	135	135	139	133	135	139	141	133	135	137	139	133	135	139	139	133	135	139	138	133	138	137	138	133	136	139	136	137	136	135	140	137	136	135	138	137	133	139	135	135	139	137	137	135	135	135	141	137	139	139	135	135	139	137	139	135	135	135	141	135	
294	135	140	145	133	139	139	135	153	135	143	141	137	141	137	137	135	133	133	145	133	139	139	133	135	135	135	139	135	135	137	133	137	143	137	141	151	135	139	137	137	139	139	135	139	139	137	135	145	141	150	141	133	139	142	155	152	141	139	135	137	141	151	142	145	138	143	135	139	155	145	133	150	153	142	137	144	133	137	137	141	137	145	139	143	133	137	139	137	135	135	139	143	143	139	154	141	138	137	135	
948	137	137	135	137	137	139	133	137	137	136	139	136	135	134	139	136	135	134	139	136	137	133	141	133	137	131	139	137	137	135	139	137	135	137	139	139	137	137	137	139	133	137	137	139	135	137	139	135	135	133	139	135	135	137	139	139	137	137	137	139	135	137	140	133	138	135	138	137	134	135	138	137	134	137	136	139	136	133	142	135	138	133	142	135	138	135	138	137	134	135	138	137	137	137	139	139	135	137	139	
5740	135	136	141	150	141	137	141	135	141	136	145	135	137	139	137	137	133	142	149	137	133	141	141	137	137	135	141	137	139	135	139	135	135	135	140	133	136	139	138	137	136	141	140	135	142	139	136	139	134	135	140	137	136	137	138	137	138	145	140	133	136	139	138	137	136	137	138	135	138	135	141	139	137	143	138	137	133	139	137	137	137	139	142	139	135	139	139	137	135	135	137	137	133	137	137	143	137	135	139	
279	133	136	137	136	139	134	135	136	141	136	135	136	137	136	137	136	139	138	133	139	137	137	137	133	139	135	133	139	137	137	139	133	139	135	133	139	139	137	137	133	139	135	133	139	138	137	136	137	138	135	138	135	142	135	138	137	138	137	134	137	138	137	133	135	141	137	137	135	141	135	139	137	141	139	133	139	135	137	135	135	137	137	133	135	141	133	139	135	141	135	137	136	139	134	137	134	141	136	137	
633	137	142	135	144	135	148	139	136	137	140	139	136	135	146	147	139	135	143	133	143	138	139	137	153	138	137	146	135	138	139	136	137	134	149	135	137	136	149	135	137	137	139	143	137	135	135	145	137	137	137	139	136	139	136	139	140	145	134	139	142	143	135	139	135	137	137	139	143	141	139	137	139	145	139	143	139	135	137	137	143	135	139	137	139	133	135	139	149	140	149	138	143	138	149	137	153	135	137	143	
288	141	135	137	133	139	133	137	133	137	139	133	139	137	137	137	135	138	137	134	137	138	133	138	133	140	135	136	139	138	137	136	135	138	137	136	139	138	137	137	137	139	139	135	137	139	135	139	137	141	139	137	139	139	137	137	135	139	135	137	135	141	133	139	135	141	137	137	136	141	136	135	138	137	138	133	138	141	136	139	134	139	136	137	136	139	136	135	136	139	136	137	133	141	135	139	135	139	137	133	
593	143	139	135	133	139	139	137	145	137	141	139	137	133	147	136	137	135	141	140	135	138	141	133	139	133	135	146	137	133	157	138	133	144	145	136	133	140	137	138	139	134	139	138	139	136	137	134	141	136	137	136	147	135	147	145	147	137	135	135	137	143	137	137	145	139	135	135	139	135	139	137	140	137	138	135	140	141	138	137	138	135	138	137	144	141	136	141	141	137	137	141	145	148	135	135	141	142	143	136	
311	133	137	135	137	139	133	139	138	137	136	137	138	139	136	139	138	135	140	133	142	135	136	137	138	137	137	137	139	139	133	137	139	135	135	135	137	137	133	139	139	137	137	137	137	137	133	137	139	135	135	137	141	139	137	136	135	138	137	134	139	136	137	136	141	136	139	134	139	136	137	136	139	136	135	136	137	138	137	133	141	131	139	133	139	137	135	137	139	137	135	137	139	135	137	133	141	131	137	135	
715	141	135	141	139	137	141	141	136	135	146	143	137	138	141	140	141	139	139	141	139	133	136	151	138	135	139	148	143	136	141	149	137	135	144	143	138	135	137	143	137	154	137	144	141	137	135	141	138	135	136	145	136	139	139	137	141	138	141	140	137	149	150	143	152	135	139	133	137	138	137	138	135	146	141	137	137	139	138	155	135	135	137	146	153	145	135	141	142	135	137	153	147	140	139	145	131	135	143	147	
1718	155	153	139	139	137	151	137	147	145	138	139	148	137	136	139	150	141	137	135	139	137	135	139	139	137	139	135	139	149	137	139	139	153	137	144	139	138	139	138	137	137	137	137	141	135	137	140	141	142	141	136	141	136	139	144	135	140	137	136	135	138	135	138	143	136	135	140	137	146	137	136	139	134	135	138	139	138	133	154	139	135	139	137	145	137	148	139	140	135	150	133	146	147	137	133	145	139	147	138	
424	137	135	139	970	138	143	136	133	138	139	136	143	140	139	136	135	136	141	137	139	133	147	141	137	137	133	159	136	139	138	147	136	141	143	141	137	137	143	145	133	141	137	144	135	137	139	148	137	142	147	135	147	135	137	139	137	137	137	139	139	137	137	149	138	135	139	141	142	149	135	135	138	135	143	139	141	139	151	140	143	136	135	144	133	144	141	134	139	136	139	144	137	139	135	133	141	137	139	133	
1656	151	146	143	151	144	137	145	149	149	150	161	157	142	147	142	153	141	148	145	144	145	161	152	145	151	148	139	149	145	145	144	149	142	137	142	143	149	148	141	146	162	151	146	153	143	142	147	144	151	151	132	143	149	139	139	150	143	144	151	149	139	149	156	149	143	145	141	148	151	140	147	143	144	141	141	149	135	150	141	149	143	141	144	145	144	147	143	145	151	146	141	151	146	137	144	165	151	142	147	
919	143	140	153	147	147	133	139	139	137	143	147	139	142	137	138	143	140	145	136	143	140	133	136	147	141	155	139	144	137	140	133	139	147	136	137	140	139	136	151	146	143	137	135	147	139	133	143	135	141	139	135	141	152	139	138	139	144	141	140	137	152	135	139	135	139	138	137	138	141	152	133	155	142	141	148	157	139	139	139	141	143	142	137	138	137	136	145	136	133	138	143	138	141	138	139	138	135	138	141	
1469	141	138	137	148	133	139	143	145	139	145	135	145	136	137	140	135	139	141	146	147	151	139	137	144	135	148	139	148	147	153	152	151	137	137	141	141	139	143	137	146	133	143	139	143	139	153	146	153	137	145	145	154	147	141	139	143	143	139	165	145	141	141	146	143	138	145	140	143	136	139	145	143	145	136	137	135	139	137	147	140	139	146	145	139	139	145	137	139	143	141	154	145	152	150	149	143	135	137	141	
2954	145	153	150	143	152	137	155	160	149	149	146	153	151	148	145	141	142	145	149	143	149	144	145	141	150	147	142	141	145	147	137	180	149	143	156	147	141	143	137	141	143	156	141	173	142	151	143	143	139	146	137	146	139	146	149	167	152	149	139	144	141	148	139	143	135	143	139	151	138	143	142	141	135	137	139	137	141	151	149	152	137	150	145	139	142	137	144	149	139	153	143	152	139	139	139	139	137	143	139	
4613	142	139	136	137	136	137	133	141	131	135	137	137	139	137	135	137	137	137	137	139	135	135	135	137	137	134	137	138	135	134	135	138	137	134	137	138	135	136	135	141	137	133	135	137	135	137	135	141	137	133	133	139	135	137	137	137	135	139	132	139	136	133	136	141	136	135	136	139	138	135	136	137	137	139	131	137	139	135	135	137	137	135	137	141	133	133	137	139	133	135	137	139	135	133	139	138	133	136	137	
898	151	141	148	155	157	150	155	139	137	137	150	137	140	153	141	150	143	147	141	149	146	151	141	145	141	141	143	144	135	138	139	142	135	136	141	139	139	139	139	143	137	139	149	141	140	139	138	141	140	141	135	137	155	145	135	138	145	148	137	157	140	143	142	145	137	151	153	152	147	143	148	159	138	145	141	135	135	141	145	152	145	145	139	143	137	145	138	147	144	143	147	139	143	138	135	158	143	141	143	
567	148	151	137	135	139	143	141	137	151	139	137	144	139	133	135	139	137	139	143	135	137	140	147	136	135	138	141	134	135	138	141	134	137	138	145	144	137	147	138	137	138	133	136	137	140	137	138	137	136	135	148	137	138	135	136	141	142	139	136	139	135	139	147	135	147	139	133	151	145	136	139	144	141	138	137	136	151	135	139	135	147	137	137	135	143	135	139	139	145	141	137	133	141	135	137	139	154	135	146	
803	141	137	135	135	143	137	144	143	141	137	137	135	137	146	135	136	151	143	139	157	137	155	139	136	147	135	141	137	135	137	140	145	136	141	137	139	135	141	141	138	141	137	141	149	142	139	136	137	139	133	145	139	155	141	154	141	138	143	151	135	137	140	143	136	139	137	145	133	137	137	142	139	134	151	139	141	143	136	135	138	135	149	145	137	136	137	147	139	139	138	141	139	135	143	148	137	138	135	142	
434	145	139	136	133	134	141	136	137	138	149	134	135	134	141	134	135	138	139	134	151	144	139	141	145	139	133	135	137	137	137	133	139	135	149	145	137	135	141	139	141	135	141	137	141	133	137	139	139	135	137	137	137	137	135	133	151	145	142	135	146	137	136	135	142	133	144	137	144	137	146	147	137	139	147	140	149	136	135	138	139	138	139	144	151	137	145	135	139	147	138	143	136	135	144	141	134	149	140	143	
710	143	140	133	138	137	138	137	136	139	136	139	143	135	137	137	133	139	135	141	133	139	137	141	135	137	136	139	134	137	136	139	134	135	138	137	138	135	140	135	138	135	140	137	138	135	138	137	136	137	137	141	137	137	135	141	137	137	135	139	137	135	137	139	139	133	137	137	139	133	137	141	133	137	133	139	135	135	133	139	137	135	137	139	139	137	137	137	139	135	137	138	139	136	133	142	137	134	135	138	
444	139	141	143	149	136	149	143	135	145	140	137	140	141	149	149	139	139	135	152	137	144	147	140	141	140	143	149	141	163	154	145	139	146	147	146	141	144	137	143	141	137	139	141	143	141	142	147	136	141	134	141	136	147	139	137	137	143	161	158	143	141	138	139	140	155	151	147	141	142	145	142	147	155	144	139	140	149	140	135	140	143	140	141	147	152	141	136	143	154	139	141	135	155	139	137	144	141	136	141	
349	141	138	137	133	137	135	139	131	137	139	137	137	135	139	137	137	139	141	133	139	135	141	139	133	137	137	135	137	135	141	137	137	135	141	135	139	135	135	140	133	140	139	134	137	134	141	136	137	136	141	134	139	136	137	140	133	138	139	134	137	133	141	133	137	133	139	133	137	133	139	135	135	135	139	133	139	131	139	133	135	135	139	133	137	133	137	139	135	139	139	133	138	137	138	137	134	139	138	137	
659	147	141	139	141	145	139	144	151	142	151	135	139	141	139	141	137	139	137	139	138	145	146	151	147	148	141	149	133	153	137	143	146	133	138	139	152	137	139	139	145	150	139	140	135	142	149	140	153	137	145	149	138	157	152	139	139	139	147	141	151	138	137	146	141	149	137	139	148	161	136	155	137	141	145	137	143	133	137	142	141	140	135	142	143	140	139	149	143	141	146	147	145	145	141	147	155	140	159	147	
1514	148	145	143	146	137	146	141	138	139	148	143	141	162	143	143	137	139	147	137	149	141	146	135	140	149	150	139	137	148	145	144	141	139	149	141	135	145	145	135	146	147	150	139	145	158	147	137	144	175	147	146	147	145	140	151	155	154	147	147	146	155	141	141	137	148	145	151	160	149	141	158	143	150	145	143	137	155	158	141	141	146	139	158	149	157	144	153	147	162	151	145	141	147	140	143	142	143	149	144	
532	141	141	133	137	139	139	139	135	135	140	137	139	139	141	135	137	135	139	137	137	139	139	139	137	137	145	137	135	137	139	143	137	139	139	135	137	135	143	133	137	147	151	134	145	136	137	150	141	137	141	141	143	135	141	141	138	137	138	139	150	141	136	137	140	147	138	141	150	145	141	145	141	137	151	136	141	136	145	140	141	138	137	139	137	133	145	135	158	135	146	143	143	141	141	145	139	133	137	143	
294	135	146	135	138	155	139	135	137	133	138	139	134	135	142	135	138	139	136	135	140	145	136	135	140	135	138	141	148	135	138	139	138	139	144	135	145	141	141	133	135	139	145	135	145	137	145	136	137	138	137	144	139	143	149	137	137	137	141	139	145	133	147	139	139	137	137	145	141	148	137	137	143	136	137	146	139	138	141	134	145	136	139	136	143	138	141	144	143	137	135	139	139	135	137	139	135	141	139	135	
563	135	138	137	136	141	134	137	134	139	136	137	137	141	135	139	135	139	137	135	137	139	137	137	137	141	139	137	137	141	135	137	135	137	137	133	139	137	137	135	137	139	135	135	135	142	133	140	133	140	137	134	139	136	137	136	137	138	139	136	135	142	133	138	135	138	137	133	139	139	137	137	135	141	135	137	137	137	135	135	137	137	139	133	139	139	137	137	135	139	137	137	137	141	135	139	137	139	137	135	
295	142	137	154	139	139	147	149	134	137	140	135	150	141	151	139	139	133	139	133	137	133	141	137	139	135	139	135	137	137	139	137	135	137	137	137	137	139	139	135	147	133	141	139	139	137	135	147	135	139	145	135	135	137	147	135	139	137	137	137	135	141	137	139	135	139	135	145	135	136	147	135	139	139	141	137	137	140	137	133	141	134	139	138	137	134	149	149	139	137	145	139	143	143	138	137	136	135	139	141	
597	145	139	135	135	139	139	137	139	139	147	145	151	142	139	136	141	138	286	139	144	133	139	139	154	135	140	141	139	137	135	135	145	139	143	133	137	139	147	148	137	134	141	144	143	133	151	139	147	135	154	143	138	149	140	151	147	137	141	140	137	136	137	137	141	142	135	144	145	136	135	136	141	138	137	136	141	140	145	138	149	139	137	141	137	135	137	135	139	137	139	133	141	135	141	137	150	141	140	137	
516	141	136	133	140	135	138	135	138	137	140	133	138	137	138	135	138	133	138	135	140	133	140	133	142	135	138	135	140	133	138	137	138	139	131	139	135	137	135	135	139	137	137	137	141	137	139	137	139	135	137	135	141	135	135	135	137	137	133	137	141	137	139	135	139	135	137	136	139	136	135	136	139	136	137	136	141	134	139	134	141	136	137	138	137	138	135	140	133	138	135	140	133	138	133	142	135	138	135	142	
1075	141	144	139	141	137	141	139	145	147	141	145	146	133	156	141	143	149	149	142	137	139	143	135	139	135	139	137	145	139	143	143	138	135	140	145	136	139	136	139	136	141	144	135	137	139	139	139	161	142	147	142	137	139	147	147	138	141	140	143	138	151	141	152	143	134	135	142	141	138	137	142	155	137	148	147	162	139	141	138	133	142	139	142	145	138	135	139	151	157	136	143	150	141	145	148	149	149	139	141	
435	149	135	150	139	140	147	151	144	145	146	153	151	146	145	148	155	143	140	147	138	139	142	141	143	141	139	143	145	146	141	160	139	141	143	141	145	145	144	145	146	135	139	145	147	140	139	137	145	147	138	143	140	141	138	143	139	143	139	141	141	144	149	138	145	140	145	149	152	139	136	137	136	137	136	151	148	139	139	147	145	148	143	152	147	145	144	147	151	143	145	154	137	137	135	145	143	137	144	149	
3723	139	142	143	146	141	137	141	137	137	143	137	141	135	143	133	147	142	151	142	141	141	149	139	146	141	144	141	135	143	159	145	141	380	133	138	141	138	143	142	133	140	145	135	137	141	139	135	143	141	139	139	137	145	142	141	140	143	136	145	144	143	139	135	141	146	139	146	141	138	139	136	141	146	133	142	141	143	137	143	143	137	141	151	138	151	146	145	151	133	135	146	139	142	141	140	141	145	135	135	
696	141	141	136	133	138	137	136	135	138	135	139	137	135	135	139	133	139	139	135	135	139	137	135	133	139	137	135	135	139	136	135	136	139	136	135	136	139	136	135	136	137	138	135	137	139	135	135	139	137	135	135	137	139	135	135	137	137	135	139	133	138	139	136	133	136	139	134	137	136	135	138	135	138	135	135	135	139	137	135	133	139	139	133	137	135	135	139	135	135	137	133	136	137	136	135	136	135	138	137	
347	139	139	152	139	145	141	147	137	139	139	145	148	137	148	137	154	135	149	143	145	133	137	139	137	139	155	136	135	136	141	136	133	138	141	133	145	136	139	136	139	136	145	134	141	146	141	140	149	137	139	137	143	147	137	135	141	145	140	135	158	139	138	141	143	135	135	141	163	138	133	136	141	136	155	147	139	135	141	145	141	139	150	135	142	143	140	137	146	147	137	139	137	145	135	153	141	133	137	137	
329	139	141	141	139	137	139	135	135	135	139	139	143	138	141	146	143	136	135	134	141	140	135	138	149	135	147	145	146	139	142	133	138	147	136	141	142	137	134	135	138	137	134	139	136	149	145	141	135	137	143	133	139	133	149	137	153	138	139	134	143	138	145	139	135	135	141	133	141	137	141	137	143	141	136	135	138	145	136	137	134	141	136	141	136	135	138	139	136	139	136	159	135	141	137	133	140	141	142	135	
359	137	137	133	137	137	136	135	138	133	136	137	138	137	136	133	140	135	136	133	142	133	139	137	137	133	139	137	137	133	139	137	137	135	135	133	137	137	135	136	139	134	135	134	141	136	135	136	141	134	135	136	139	133	135	137	139	133	135	137	139	133	135	137	139	133	135	133	137	137	137	133	140	137	136	133	138	133	138	137	138	133	136	137	138	133	139	135	141	135	135	133	141	137	133	133	137	133	139	137	
600	137	153	133	141	133	141	133	139	139	143	133	150	137	148	141	142	135	146	137	136	143	147	139	141	137	139	135	137	135	139	139	145	133	147	139	141	139	133	139	139	141	137	133	143	135	139	139	139	137	137	137	147	131	135	137	139	145	139	139	143	138	139	150	137	138	145	136	139	136	137	138	144	149	136	135	146	141	139	137	141	135	143	139	149	138	139	138	147	140	139	136	151	137	135	146	630	135	146	141	
395	141	136	133	138	137	140	137	136	133	138	137	133	139	135	135	139	135	137	135	137	139	135	135	139	133	139	137	133	135	141	137	133	136	139	136	133	136	137	136	139	134	137	138	135	136	139	136	135	137	141	133	133	139	139	133	135	137	141	133	135	139	139	133	135	137	139	135	135	139	138	133	138	137	138	139	136	135	140	137	136	133	140	135	136	139	138	137	133	135	141	137	133	135	141	133	139	137	135	137	
949	141	141	147	143	137	137	148	139	142	143	138	141	143	143	145	152	145	140	147	139	143	143	140	153	137	137	141	141	145	153	147	146	144	141	140	139	138	143	153	147	143	144	141	140	151	141	139	143	148	143	150	145	145	137	143	152	151	139	139	149	140	149	140	147	143	137	135	144	143	142	145	151	148	149	137	141	141	155	145	150	135	137	145	135	141	139	153	143	144	149	147	147	155	148	153	145	142	153	158	
1066	143	137	136	143	141	143	145	143	149	147	150	147	136	137	146	145	159	148	141	145	143	157	136	137	140	135	146	161	137	145	143	146	137	148	137	136	145	141	147	145	142	141	140	149	137	149	145	140	143	150	137	139	143	147	138	143	144	141	147	135	159	146	151	138	139	147	133	139	143	149	140	133	148	137	138	145	138	155	139	141	141	154	143	145	140	139	146	147	151	150	155	143	146	147	139	145	149	131	147	
359	143	143	138	145	138	139	134	143	138	137	136	141	138	139	136	141	146	141	144	141	145	139	135	147	137	139	161	140	143	147	135	137	151	137	137	133	141	135	139	135	145	137	148	139	140	139	142	149	153	143	139	131	139	133	137	135	139	147	143	138	137	136	135	136	139	134	137	134	137	138	133	144	135	138	141	136	137	144	137	138	141	138	141	136	137	134	137	140	137	134	141	142	139	136	137	138	137	136	139	
686	148	135	138	149	149	410	137	138	133	144	149	141	150	141	142	145	144	141	137	145	143	150	149	147	137	167	142	143	136	141	144	139	147	141	151	135	139	136	145	144	151	147	141	149	144	139	144	139	138	143	143	137	139	141	149	138	143	148	137	135	155	139	139	147	145	142	153	148	155	143	137	141	152	145	134	135	142	135	142	147	151	135	137	141	139	149	141	133	145	144	149	155	138	139	148	145	143	145	143	
10573	418	386	383	383	391	375	388	378	385	387	383	388	388	391	379	373	396	372	385	383	397	388	384	373	393	375	393	384	390	383	387	381	388	380	383	391	385	388	382	383	385	375	391	384	392	383	379	383	388	384	383	383	397	388	376	380	391	379	385	386	388	383	379	387	388	382	381	383	397	383	382	386	385	381	383	388	388	393	379	381	384	382	381	383	393	383	384	378	393	379	385	386	396	387	379	387	388	380	383	
1703	157	155	160	154	157	159	156	157	157	158	156	157	155	158	159	157	154	156	159	155	154	161	159	154	154	161	157	154	157	161	156	154	157	159	156	157	157	158	156	157	155	156	159	157	154	158	159	155	154	161	159	154	154	157	157	154	157	161	156	156	157	159	156	157	157	158	158	157	155	158	159	153	156	159	159	155	154	161	155	156	155	161	155	154	157	159	154	155	157	158	156	157	155	158	159	157	154	156	159	
